spawns:
  default:
    world: 1d493d75-3a88-493a-bd5b-52956987fe61
    world-name: lobby
    x: 510.53949380313423
    y: 88.0
    z: -0.4828176116279981
    yaw: -90.35409545898438
    pitch: -1.9315402507781982
