unique-id: 08eec916-e21d-399f-968e-cc7a4634f571
name: NguyenDevs
last-login: 1773162368663
last-location:
  ==: BukkitWorldLocation
  x: 160.67278265440416
  y: 63.0
  z: 33.84472831959064
  pitch: 32.24999237060547
  world-name: world
  yaw: 127.049560546875
