unique-id: 22f5c548-dce8-4e1b-9e40-d8abdbf26534
name: NguyenDevs
last-login: 1752724362535
last-location:
  ==: BukkitWorldLocation
  x: 144.19360209911065
  y: 63.0
  z: 25.700845113395328
  pitch: 21.449995040893555
  world-name: world
  yaw: 164.7001495361328
